938 185
938 100
910 98
860 141
842 147
876 163
896 243
701 234
717 208
698 215
696 148
693 126
678 117
658 127
672 139
672 180
667 195
685 201
686 212
686 220
673 216
658 218
650 211
637 227
624 208
634 190
639 182
647 167
634 148
601 178
608 164
607 146
603 131
598 123
578 128
569 116
524 106
492 130
482 144
499 156
511 178
537 185
526 188
523 197
542 209
543 244
532 228
524 231
520 218
502 216
507 196
493 181
483 164
466 147
460 130
455 127
453 125
429 117
431 127
435 136
439 137
448 152
461 160
460 181
480 190
460 199
478 205
480 224
467 219
455 225
452 229
451 246
438 217
433 203
433 180
411 183
393 191
356 157
375 164
391 168
413 163
414 155
430 156
424 139
410 125
391 116
374 108
363 131
381 130
389 140
396 140
301 115
293 115
281 111
270 112
289 246
159 197
179 170
201 139
198 168
220 160
242 161
260 81
241 86
240 85
223 84
216 84
208 83
201 79
188 78
174 83
158 77
148 77
129 78
129 76
114 76
107 76
90 74
73 76
51 78
46 78
14 78
